20
20 20 20 20 20 26 26 26 26 26 26 26 26 13 13 13 13 13 22 30 
20 20 20 20 20 26 26 39 39 39 39 39 39 39 13 13 13 13 13 30 
20 20 33 33 20 23 23 23 39 33 33 33 21 39 13 13 13 13 13 30 
20 20 20 33 20 20 20 20 27 27 27 33 33 33 33 33 33 13 19 19 
20 29 28 33 20 20 20 39 27 27 27 33 33 17 33 6 33 13 19 19 
20 20 20 20 20 20 20 20 26 27 27 33 33 33 33 33 33 13 19 19 
15 15 3 3 20 16 20 20 20 20 20 20 33 33 33 33 33 13 19 19 
15 15 3 3 20 16 16 16 20 20 9 20 33 2 33 33 33 13 13 13 
15 15 3 24 20 16 16 16 20 20 20 20 20 20 33 33 33 13 13 13 
15 15 15 15 15 16 28 31 31 31 31 20 20 20 20 20 38 13 13 8 
15 15 15 15 15 16 16 16 16 31 31 33 3 33 20 20 38 38 38 38 
15 15 15 15 15 15 16 16 16 31 31 33 3 33 33 4 4 4 16 16 
15 15 15 15 15 15 16 16 16 16 16 33 8 8 8 8 4 4 4 16 
26 35 35 15 15 15 16 16 16 16 16 29 11 11 11 11 4 4 30 16 
26 35 35 15 15 8 8 24 7 7 16 2 17 17 11 11 4 4 21 16 
26 12 35 15 15 15 15 24 20 7 16 16 37 37 11 11 11 4 4 4 
26 34 35 35 15 15 15 15 21 7 7 16 16 10 10 10 10 10 10 11 
21 34 34 34 34 32 15 15 15 7 7 16 34 10 40 40 40 10 27 27 
21 34 34 34 37 37 15 15 15 7 7 7 7 25 40 40 19 10 37 37 
21 34 34 34 37 37 37 15 15 7 7 7 7 7 7 7 7 7 37 40 
