20
14 6 6 6 3 15 15 15 15 15 19 3 3 2 17 10 4 4 14 14 
13 1 6 6 4 4 4 4 10 15 3 3 16 16 12 10 10 4 14 16 
13 12 9 6 13 4 4 4 7 15 15 18 12 7 12 4 19 4 4 19 
13 4 9 20 13 1 19 17 17 13 15 15 6 7 7 9 8 8 8 19 
13 6 9 15 13 13 15 15 8 13 15 7 7 3 5 4 14 20 6 19 
2 19 19 19 19 3 20 15 20 1 1 7 15 3 5 4 14 17 4 19 
20 20 1 1 19 19 13 14 4 1 15 7 4 3 5 7 16 11 4 4 
20 2 19 19 2 2 12 13 1 18 4 4 4 3 5 16 7 11 11 7 
6 4 6 6 7 7 6 14 20 15 4 10 4 20 18 18 18 1 19 16 
4 15 6 6 7 7 6 19 19 2 2 10 4 20 18 18 18 18 12 12 
10 14 6 6 7 7 6 12 19 15 15 12 16 8 2 18 18 18 2 2 
10 11 11 11 11 6 6 7 19 15 1 12 12 8 10 10 17 18 5 2 
15 15 4 4 4 4 4 4 18 14 15 12 3 18 18 7 14 19 19 19 
15 15 17 17 17 14 16 2 18 17 15 15 19 20 17 4 4 4 5 5 
12 12 7 16 5 5 5 2 2 17 15 15 15 14 14 1 10 4 3 1 
1 1 7 16 12 5 5 13 2 17 15 1 1 4 15 15 8 2 6 16 
14 1 7 12 3 5 5 15 13 17 15 13 1 10 10 10 10 2 6 16 
14 11 11 12 1 13 5 15 20 20 20 15 1 15 7 5 10 10 14 2 
18 18 11 12 1 2 5 19 19 8 18 2 2 2 19 1 10 1 12 2 
3 6 11 2 4 4 4 3 13 4 4 2 11 15 15 8 20 20 20 2 
