50 50
00001111100101000000111011111011001101111110110000
0 0 1 0
0 1 1 0
1 0 0 0
1 1 1 0
1 1 1 1
0 0 1 0
0 0 1 1
0 1 0 0
0 0 1 1
1 0 1 0
0 0 0 1
0 0 0 1
0 0 0 0
1 1 1 0
0 0 0 1
1 0 0 0
1 1 0 1
0 0 0 0
0 1 1 0
1 0 1 0
1 1 0 0
0 0 1 0
1 1 1 1
0 1 0 0
1 0 1 1
0 1 0 1
0 0 1 0
1 1 1 1
1 0 0 1
1 0 0 0
1 0 0 0
0 0 0 1
1 1 1 0
0 1 0 1
0 1 0 1
0 1 0 1
0 1 1 0
0 1 0 1
1 1 0 0
1 1 1 1
1 1 1 0
0 0 0 0
0 0 1 0
0 0 0 0
0 1 1 1
0 1 1 1
0 0 1 1
1 0 1 0
0 0 0 1
3 10 1
3 50 0
3 32 0
2 18 1 0 0 1
3 28 1
2 37 0 1 1 0
1 15 32
1 2 11
2 37 1 1 0 0
2 38 1 0 1 0
2 34 0 1 0 1
3 19 0
3 47 1
2 33 0 1 1 1
3 48 1
1 24 37
1 32 39
1 28 31
3 36 1
3 4 0
2 40 0 0 0 1
2 46 1 1 1 0
2 10 0 1 1 0
1 3 3
1 2 18
1 12 39
3 15 0
3 35 0
3 14 0
3 24 0
3 5 1
2 46 1 0 1 1
3 44 1
2 32 0 0 1 0
3 3 0
2 13 1 1 1 0
3 8 0
1 41 49
1 12 45
3 15 0
3 16 1
3 2 0
3 3 1
1 7 39
1 18 28
3 42 1
1 43 50
1 1 3
3 34 0
1 6 48
