50 100
1 2 37
2 3 90
3 4 270
1 5 616
4 6 462
6 7 801
5 8 922
8 9 701
5 10 204
7 11 330
1 12 588
6 13 732
4 14 777
13 15 497
15 16 809
9 17 624
1 18 923
6 19 135
7 20 767
14 21 322
20 22 59
20 23 848
23 24 629
7 25 633
13 26 582
26 27 193
15 28 524
28 29 49
22 30 827
16 31 598
8 32 297
24 33 418
9 34 937
13 35 936
17 36 676
34 37 57
2 38 240
10 39 261
38 40 692
16 41 933
16 42 40
28 43 438
29 44 334
2 45 131
39 46 945
12 47 829
17 48 96
17 49 569
47 50 482
18 19 557
46 49 194
1 11 455
11 25 914
10 27 817
2 8 309
16 46 620
7 13 51
3 13 790
34 36 937
33 47 483
1 46 167
2 36 487
18 37 150
9 19 524
19 27 759
10 19 280
18 42 32
2 48 977
4 7 580
8 47 322
12 34 341
32 46 561
7 21 182
7 23 516
3 8 445
18 31 715
9 40 216
32 33 43
15 41 13
35 49 912
35 45 473
13 50 262
1 42 577
2 20 754
2 22 276
15 47 404
6 41 397
29 41 808
26 42 739
6 40 408
2 42 515
11 13 368
11 45 962
2 6 302
12 42 316
12 49 708
28 36 858
44 45 103
8 20 573
27 35 691
