50 100
1 2 331
2 3 423
3 4 831
3 5 196
2 6 467
4 7 841
5 8 589
6 9 930
9 10 481
3 11 293
7 12 968
5 13 662
4 14 803
1 15 779
15 16 623
6 17 211
5 18 127
1 19 253
19 20 751
19 21 90
16 22 704
21 23 137
14 24 531
16 25 927
7 26 116
20 27 658
13 28 527
13 29 233
3 30 7
21 31 648
30 32 186
19 33 204
3 34 261
26 35 661
5 36 893
21 37 608
4 38 582
21 39 856
28 40 996
40 41 334
29 42 807
39 43 530
27 44 17
42 45 715
2 46 252
32 47 433
17 48 78
5 49 885
26 50 54
8 26 823
5 34 317
14 16 238
1 23 212
8 48 136
5 31 887
1 45 530
12 31 201
7 40 537
24 34 597
16 18 217
37 38 834
36 38 749
11 42 935
26 41 255
13 15 779
25 40 260
4 22 603
14 17 454
21 22 189
5 11 190
14 25 781
17 19 185
20 40 186
39 48 233
18 27 475
13 31 436
2 24 372
16 21 669
19 34 381
11 16 105
13 14 376
2 41 319
3 44 160
16 28 951
24 30 977
20 25 757
4 41 983
2 42 158
7 35 928
40 46 429
6 29 287
32 39 541
18 49 43
21 36 616
34 46 461
17 37 791
36 40 479
48 49 655
17 24 347
14 28 375
